0.538747
0.00877901
0.00608187
0.00777198
0.00723743
0.00212975
0.0391672
0.00333098
0.0152049
0.0188478
0.00805895
0.00981913
0.0351691
0.0982354
0.00319116
0.00288398
0.00205072
0.00300736
0.0252334
0.00191637
0.0137413
0.00508829
0.00410353
0.0183289
0.00723038
0.00229423
0.00273985
0.00842725
0.00232756
0.00712942
0.00602294
0.00323045
0.000992058
0.0387722
0.0178542
0.014781
0.00277276
0.00348428
0.00981468
0.00553211
0.00644915
0.0164306
0.0738635
0.0153257
0.0646133
0.00052056
0.0143206
0.00459886
0.00636386
0.00916618
0.00702573
0.00733304
0.0138102
0.00460235
0.00088065
0.00851254
0.0214586
0.00100395
0.00636539
0.00336058
0.00875279
0.00291255
0.0178655
0.00684518
0.00303494
0.00332625
0.00626644
0.00402905
0.00200193
0.00492396
0.0337854
0.00088959
0.0065839
0.0232863
0.00463602
0.0126978
0.00177115
0.019327
0.00176801
0.00871516
0.000532217
0.0156654
0.00159608
0.00878666
0.00199825
0.00425357
0.00211452
0.0054387
0.00323828
0.00882741
0.00401289
0.00168658
0.0159317
0.00200593
0.00470416
0.00666251
0.00442144
0.00269059
0.00941782
0.00470887
0.00523181
0.00086447
0.00275842
0.00467121
0.00238207
0.00690673
0.00745691
0.0037202
0.0058719
0.00759561
0.0223926
0.0183113
0.00351724
0.0356523
0.0597532
0.000298923
0.000468944
0.00288608
0.00112209
0.015863
0.000302148
0.00266991
0.00112986
0.00461118
8.34612e-05
0.00410652
0.00192666
0.00387904
0.00856131
0.00694477
0.00468402
0.00466781
0.00463527
0.00312333
0.00808197
0.0151212
0.00505433
0.00299886
0.0161096
0.00423715
0.00568795
0.00651834
0.00492655
0.00792665
0.00729498
0.0107408
0.0127481
0.00940485
0.00930277
0.000975988
0.00736441
0.00309999
0.00914424
0.00264786
0.00177731
0.00120212
0.00179423
0.00705435
0.00800383
0.000453652
0.00193735
0.00231441
0.000616493
0.00279481
0.000126055
0.0037931
0.00275214
0.00267664
0.00238114
0.00937643
0.00170719
0.000244066
0.00182034
0.00149404
0.000570226
0.00260682
0.00657467
0.00787913
0.000402373
0.00085824
0.00100767
0.00153662
0.00850856
0.00130417
0.00131739
0.0012227
0.00255389
0.000525238
0.00554585
0.00272559
0.000227882
0.0199421
0.0013403
0.00649879
0.00142811
0.0212757
0.000274815
0.00397476
0.00186938
0.000760714
0.00179399
0.00455834
0.0115246
0.000270992
0.000492844
0.00548186
0.00150936
0.000870846
0.00101683
0.0296068
0.00679533
0.00121138
0.00620095
0.0192086
0.000784932
0.00163922
0.00376057
0.00611878
0.00425289
0.00703662
0.000186939
0.0022803
0.00675652
0.00812566
0.000217021
0.00121831
0.00132575
0.00126831
0.00258683
0.00372022
0.00751296
0.00997276
0.00294809
0.00368466
0.00276203
0.00893942
0.00170412
0.00366752
0.00382278
0.00153949
0.00940429
0.00266493
0.00205867
0.00174239
0.00241023
0.000510179
0.00137004
0.000385361
0.00157138
0.00636605
0.00269989
0.0054141
0.00553052
0.00498831
0.00469741
0.00312918
0.0013637
0.00352804
0.00677377
0.000576598
0.00276149
0.000972965
0.00364836
0.000222085
0.00249933
0.0508142
0.00813369
0.00311726
0.00278365
0.000997613
0.00134209
0.00461746
0.00203267
0.00107486
0.000309109
0.0147536
0.000378187
0.00467805
0.00823825
0.000598238
0.00129274
0.00308369
0.000446383
0.00895489
0.000245773
0.00978609
0.00579753
0.00376958
0.00235184
0.00320208
0.00334577
0.0092299
0.00108951
0.0163897
0.00409064
0.00805792
0.00139116
0.00248705
0.00112328
0.0115196
0.0110978
0.00339922
0.00465422
0.0336722
0.00401482
0.00209026
0.00415972
0.00341156
0.0016374
0.00422005
0.00418213
0.00476043
0.0138515
0.00143153
0.000235407
0.00455965
0.000495314
9.77241e-05
0.00130936
0.00435756
0.00742205
0.00278127
0.00115923
0.00629324
0.0110331
0.00587832
0.0512927
0.00182589
0.00116991
0.00246606
0.0107185
0.0352882
0.00275441
0.00608954
0.00234098
0.00212555
0.00667022
0.00132419
0.00184297
0.00150681
0.00442041
0.00182543
0.00100266
0.00209272
0.00155672
0.00292973
0.00185264
0.00365626
0.00636643
0.0029462
0.00448004
0.00195191
0.000700176
0.00470258
0.000697865
0.014821
0.000476076
0.00227636
0.00717523
0.000847678
0.00105233
0.00290144
0.000768519
0.00411204
0.0063463
0.00539595
0.00194651
0.00141338
0.00676089
0.000697025
0.00294579
0.00116143
0.0109893
0.00430784
0.00387103
0.00241459
0.00250356
0.000620234
0.000965087
0.00414609
0.00722027
0.000490884
0.00139516
0.00901826
0.00301802
0.00180512
0.00327781
0.00757205
0.00480788
0.00257576
0.0039853
0.000232908
0.00662174
0.0028732
0.00340001
0.00267051
0.00216807
0.00223636
0.00152042
0.00354109
0.00073777
0.00344362
0.00425374
0.00571738
0.000338087
0.00198946
0.00309031
0.000560172
0.00136511
0.0017711
0.0032074
0.00115836
0.00290141
0.000908069
0.00192183
0.000222644
0.00190916
0.0117642
0.00454752
0.00209958
0.00458869
0.00156404
0.00064805
0.00153916
0.000449635
0.0036245
0.00459219
0.00448716
0.0067623
0.00381906
0.00132629
0.0436055
0.00723778
0.00248674
0.000531979
0.00124326
0.000452239
0.00430165
0.000582234
0.00766369
0.0323331
0.0030429
0.000511352
0.0101165
0.00124995
0.000222735
0.0021894
0.00314357
0.000626559
0.00113588
0.00287749
0.00440466
0.00254547
0.00243593
0.000873943
0.000520794
0.00303107
0.00173289
0.000139674
0.00157535
0.00266835
0.000338226
0.00204601
0.00128731
0.00152239
0.00499435
0.000207226
0.000630779
0.00022254
0.00218754
0.000817809
0.00412668
0.00276265
0.0269544
0.0007994
0.00236384
0.00726329
0.00160949
0.00252224
0.00089741
0.00360466
0.000491294
0.00301638
0.000684595
0.0382183
0.00270482
0.000674752
0.00718494
0.00212947
0.00304827
0.00253288
0.00130481
0.00101586
0.00290683
0.00292614
0.0124395
0.00102019
0.000803342
0.0121853
0.00452325
0.000348344
0.000933759
0.00526383
0.000989282
0.000191671
0.00302849
0.00438633
0.00249206
0.000152676
0.00306565
0.00571688
0.0125864
0.00101345
0.00164935
0.000193005
0.0013793
0.00370283
0.0060108
0.000332597
0.00608855
0.00392562
0.00193732
0.00306047
0.000968667
0.00101063
0.000942215
0.0134215
0.000708039
0.00133874
0.00310801
0.0140308
0.00146214
0.0046613
0.0013963
0.00170018
0.00473404
0.00140582
0.00239732
0.000235203
0.00114519
0.00217046
0.00241789
0.00938481
0.00186296
0.00302651
0.00233462
0.000512152
0.00160659
0.0122687
0.00286804
0.00309946
0.00199072
0.00186643
0.000425509
0.000302271
0.00100796
0.000673052
0.00259021
0.00157443
0.00154391
0.000132027
0.00115137
0.00076044
0.000986632
9.60193e-05
0.00195725
0.0051762
0.00120394
0.00509107
0.00688208
0.00915531
0.00674978
0.0039996
0.000848404
0.000355959
0.000380282
0.00231628
0.00826005
0.00352208
0.002429
0.0041102
0.00119026
0.00141971
0.00159663
0.00107812
0.0010529
0.00867401
0.00645279
0.00329098
0.00097557
0.00114921
0.00550832
0.00136732
0.00164678
0.00161641
0.000579512
0.00122696
0.000435957
0.00416607
0.00665422
0.000112504
0.00390174
0.00516986
0.00169373
0.00690143
0.00316441
0.00504707
0.00665478
0.00268627
0.000906984
0.00486982
0.00329147
0.000971681
0.00339237
0.000880779
0.0021008
0.023921
0.000951923
0.00452816
0.00184624
0.0107066
0.00211649
0.00135391
0.00432094
0.0032643
0.00247374
0.000838708
0.000814887
0.00186503
0.000504288
0.00879157
0.00259863
0.00147303
0.00142091
0.00589459
0.00135854
0.00117649
0.00325656
0.000380299
0.000602861
0.00496834
0.000385117
0.00171169
0.000713609
0.00113658
0.000809463
0.000588505
0.00491143
0.00176017
0.000720514
0.00594552
0.00338518
0.00423595
0.00282457
0.00198341
0.00291225
0.000266815
0.00637137
0.00215346
0.0027265
0.00323881
0.0115132
0.00729423
0.00110724
0.00278297
0.0038639
0.00139712
0.00251535
0.00342617
0.00212316
0.0020016
0.00402324
0.00255055
0.000562407
0.0059239
0.00327773
0.00520956
0.000356018
0.00142601
0.0010452
0.00236289
0.000920853
0.00191845
0.00145206
0.000962279
0.0015508
0.0028516
0.000900869
0.00516109
0.000535388
0.000646604
0.00579802
0.0094252
0.00374183
0.00294525
0.00580236
0.000831006
0.00198526
0.00225455
0.00398115
0.0027512
0.00568199
0.00963165
0.00670093
0.00728898
0.00157442
0.00505195
0.000406927
0.00731088
0.00177801
0.000257311
0.00463287
0.00594741
0.00939191
0.00453551
0.00158738
0.00401872
0.000331772
0.00434406
0.0141444
0.000185663
0.00118957
0.00616315
0.00479254
0.00234096
0.00350425
0.00161899
0.00599834
0.00316094
0.000235769
0.0014033
0.00135221
0.00166894
0.00114633
0.00182853
7.87653e-05
0.00222849
0.0331051
0.000273964
0.00958619
0.00278566
0.0028754
0.000242666
0.0010289
0.000853366
0.00441808
0.0135442
0.000636257
0.0013724
0.0010989
0.000844656
0.00163041
0.00179332
0.000843883
0.00142902
0.000517184
0.000596154
0.00108465
0.00559602
0.00232683
0.0045343
0.00680077
0.00303713
0.00132901
0.015808
0.00325829
0.000506419
0.00307625
0.00335581
0.000224011
0.00107301
0.00119168
0.000192409
0.00143401
0.00148731
0.00312604
0.00634989
0.00327504
0.00254144
0.00044513
0.00336135
0.0012137
0.00439094
0.00320194
0.00452848
0.00170107
0.00094079
0.00158161
3.81327e-05
0.00211978
0.000297807
0.00115981
0.00761813
0.00966826
0.00283975
0.00582273
0.00186044
0.00202443
0.000344616
0.00163121
0.00200491
0.00537397
0.00456975
0.00217901
0.000948973
0.00125973
0.00178824
0.00549292
0.0115844
0.0018787
0.00130754
0.000569368
0.000379664
0.00973653
0.00143237
0.00193957
0.000629905
0.00341457
0.00227197
0.00152394
0.00108303
0.000265771
0.00195997
0.000998613
0.00451941
0.00211156
0.000234263
0.00058933
0.000106822
0.000934453
0.00403237
0.00312525
0.00644612
0.00638568
0.00513218
0.000631242
0.00105198
0.0101881
0.00630355
3.01817e-05
0.00270964
0.000916523
0.00312081
0.000440877
0.00212024
0.000204775
0.0203217
0.00147855
0.000931551
0.0016504
0.00230029
0.00203127
0.00587357
0.000741953
0.00361699
0.00091929
0.00436192
0.00105542
0.00182148
0.00330139
0.00214609
0.00556005
0.00395834
8.3784e-05
0.00276766
0.00208157
0.00312004
0.000408902
0.00112922
0.00202606
0.0010987
0.0017099
0.000422448
6.79518e-05
0.00236776
0.00629754
0.00167557
0.00244391
0.0303711
0.00538788
0.00167795
0.00623067
0.000515031
0.00168194
0.00328616
0.00188344
0.0063058
0.00574029
0.00142275
0.000249344
0.015166
0.00072226
0.00127877
0.00337595
0.00317221
0.00157389
0.00510078
0.00413859
0.00708823
0.00496648
0.00053423
0.0116665
0.000948109
0.0015107
0.00152238
0.00255151
0.00197432
0.00110834
0.0022451
0.00209742
0.0410853
0.00589865
0.0143918
0.00604475
0.00140862
0.00275374
0.000473362
0.00369382
0.00456628
0.000407047
0.000437537
0.00540509
0.00194801
0.0006684
0.00149848
0.00783407
0.000456605
0.00279198
0.00267976
0.00136836
0.0109975
0.00203096
0.00435078
0.00135055
0.00286573
0.00195447
0.00466035
0.0134919
9.17293e-05
0.000822134
0.00141482
0.000780904
0.00317921
8.191e-05
0.00511108
0.0028517
0.000340405
0.00511798
0.00192045
0.000769239
0.00375055
0.00576321
0.00190031
0.00511076
0.00177561
0.00384035
0.00368294
0.00304336
0.00114272
0.00011909
0.00226183
0.00182121
0.00285743
0.000469205
0.00323402
0.000319227
0.00182133
0.00201585
0.00252413
0.00227526
0.00131661
0.000408659
0.00160892
0.000488582
0.000733348
0.000432733
0.00278011
0.000205272
0.00424457
0.000296239
0.00617435
0.000989685
0.00790511
0.00107012
0.000636162
0.001004
3.04602e-05
0.00119842
0.0030041
0.017108
0.000713904
0.000548865
0.00363801
0.0047712
0.0176338
0.00313537
0.00599572
0.00759006
0.00192049
0.00209265
0.00227782
0.000422983
0.000659172
0.002832
0.00144001
0.00213174
0.00123369
0.00119493
0.000943071
0.00346066
0.00512514
0.00384894
0.0083194
0.0035227
0.0026836
0.00515109
0.00717678
0.00115733
0.000385822
0.000171418
0.00533623
0.00721244
0.00680035
0.00337102
0.00176561
0.00273275
0.00161421
0.00204212
0.00116303
0.00190601
0.00287432
0.00140164
0.00256738
0.0025814
0.00087001
0.00140339
0.0121481
0.0011919
0.00121478
0.00341068
0.026365
0.00324773
0.0057616
0.00383156
0.00543862
0.000731562
0.00250559
0.000900873
0.00160302
0.00974063
0.0033635
0.00522493
0.00292504
0.0010184
0.00261777
0.00259187
0.0108531
0.00849329
0.00180275
0.00318415
0.00643951
0.00123705
0.00704982
0.00113798
0.000469691
0.00299404
0.00267793
0.0168071
0.00564554
0.0239367
0.00183286
0.00593383
0.00243012
0.00733896
0.0057671
0.00627669
0.00336774
0.0399771
0.00177594
0.000143694
0.0025306
0.00323149
0.00270519
0.00599872
0.00681213
0.00244874
0.0045786
0.00475385
0.00327899
0.00170956
0.00252579
0.0010368
0.0142975
0.000173651
0.0150955
0.00167556
0.00273073
0.00253809
0.00282521
0.00288338
0.00244401
0.0206501
0.00282232
0.00126259
7.89721e-05
0.00950634
0.00265448
0.00137121
0.000346702
0.000710017
0.00191241
0.00101161
0.00132055
0.00440736
0.00147576
0.00155628
0.00386269
0.00195318
0.00773143
0.000751813
0.00265814
8.9803e-05
0.002021
0.000693437
0.000364398
0.00530678
0.00272657
0.00334262
0.000695723
0.00330329
5.29382e-05
0.00101977
0.0162914
6.5673e-05
0.00330118
0.00047795
0.00236023
0.00768241
0.000611758
0.00179029
0.000770309
0.000577019
0.00586811
0.000381341
0.000525575
0.000714013
0.000707774
0.0004556
0.000105852
0.00146531
0.00303507
8.42399e-05
0.00807398
0.00250804
0.00276102
0.000424564
0.00373224
0.00440017
0.000962479
0.00337342
0.003786
0.0130598
0.0141
0.0290786
0.00105247
0.00570718
0.00353617
0.00645088
0.00136114
0.00223156
0.000769392
0.00572651
0.000826894
8.9867e-05
0.00416367
0.00997206
0.00235983
0.00688687
0.000508364
0.00245509
0.00225874
0.0100709
0.00581866
0.00155384
0.000225565
0.0229218
0.000680062
0.00248235
0.00212584
0.00312393
0.00119782
0.00466022
0.0101266
0.000449842
0.000183184
0.00278314
0.0185784
0.00171557
0.00345256
0.000470808
0.00190752
0.000515653
0.0019823
0.00129529
0.00284342
0.00174171
0.00417143
0.00107846
0.00762552
0.00252689
0.0039709
0.00633897
0.00171919
0.00282421
0.00150856
0.00539281
0.00678972
0.00741622
0.00171731
0.0047528
0.00252198
0.00261488
0.00542839
0.000157496
0.00237675
0.00992802
0.0032422
0.00513656
0.00197211
0.00339761
0.00297167
0.00151602
0.0131669
0.0105336
0.00020588
0.00540802
0.00475524
0.00219355
0.0066999
0.00119543
0.000304538
0.000623066
0.00153842
0.000261088
0.00423367
0.00163906
0.00493819
0.00164349
0.00639005
0.00144126
0.00157228
0.00156273
0.00721849
0.00541513
0.00519126
0.00480209
0.00195068
0.0117027
0.00340243
0.00696428
0.00356435
0.00798848
0.00134169
0.00526111
0.00689716
0.00179228
0.00354849
0.00912531
0.00154683
0.00210355
0.0017099
0.00253858
0.00304925
0.00377471
0.00141333
0.00215867
0.00562413
0.00278229
0.00143861
0.00113863
0.00214493
0.000189835
0.000805455
0.0027685
0.00199595
0.00328028
0.00140715
0.00349932
0.00315713
0.000492645
0.00157917
0.00188079
0.000970201
0.000306948
0.0020243
0.00637255
0.00662194
0.00126129
0.000581059
0.00112325
0.00134629
0.00211312
0.00198202
0.00579452
0.00152937
0.000146927
0.000226067
0.00327668
0.00234148
0.00011326
0.0122901
0.000360045
0.00407781
0.00356939
0.0245553
0.00187236
0.000772424
0.00272575
0.00563297
0.000791224
0.000435168
0.0073137
0.000341063
0.00230712
0.00608522
0.000329728
0.00381222
0.000555508
0.00592774
0.00640398
0.000919095
0.00392398
0.00543192
0.0014977
0.00476972
0.000720523
0.00360168
0.00362663
0.00460363
0.000212202
0.000992139
0.00304084
0.00671883
0.000696187
0.00473912
0.00236
0.000620169
0.00179568
0.00184637
0.00532556
0.000722065
0.00316072
0.00310036
0.000109514
0.00456448
0.001861
0.0013627
0.00189963
0.000136877
0.00478683
0.00459557
0.0023866
0.0037622
0.00415835
0.000338793
0.00155905
0.000473358
0.00376435
0.00146992
0.000842036
0.00423262
0.000352716
0.000935406
0.00198855
0.00392612
0.00248271
0.00589021
0.00814454
0.0001462
0.0031627
0.00188127
0.00193555
0.000241852
0.00371081
0.0351824
0.00797613
0.000333938
0.00876698
0.00243392
0.000881301
0.00129165
0.00652426
0.000866352
0.000424949
0.00434356
7.35397e-05
0.00557598
0.00503966
0.000896266
0.000618751
0.00798882
0.000343204
0.00369308
0.00301922
0.00537963
0.00443636
0.00196661
0.0015537
0.00442082
0.0041117
0.00778699
0.0015179
0.0120271
0.00116598
0.00319514
0.00157942
0.00586945
0.00190485
0.0102109
0.00648566
0.00195792
0.00398346
0.027653
0.00480113
0.00356725
0.000870071
0.00592443
0.00355005
0.00238934
0.00534145
0.00531469
0.00750536
0.000780299
6.80114e-06
0.00389363
0.000986438
0.000354234
0.00277264
0.00460199
0.00480661
0.00177712
0.00055419
0.00131103
0.00951297
0.00481513
0.0340868
0.00386307
0.0008872
0.00431336
0.00352857
0.026293
0.00288602
0.00640476
0.00136505
0.00130596
0.00420269
0.00113736
0.000536286
0.00113547
0.0055078
7.67297e-05
0.000345891
0.00109195
0.00544667
0.00118201
0.00375378
0.00288246
0.00157019
0.00186107
0.00494491
0.003032
0.00202354
0.00342676
0.00411405
0.0106509
0.000232219
0.00200295
0.00823842
0.00188952
0.000132372
0.000483589
0.0016167
0.00506728
0.0028628
0.00458079
0.00294578
0.00144549
0.00357779
5.86152e-05
0.00197178
0.000462247
0.00997772
0.00404818
0.00945954
0.00153498
0.00899078
0.00168722
0.000343386
0.00406812
0.0058745
0.00089975
0.000829952
0.0091901
0.003655
0.00193379
0.00422976
0.00591685
0.00302257
0.000757452
0.0020766
0.000409121
0.00887205
0.00122259
0.0018623
0.00155736
0.000993376
0.000637207
0.00371637
0.00637078
0.00334476
0.00466982
0.00533935
0.0109337
0.00108794
0.00267199
0.00165664
0.000985028
0.00193175
0.00173668
0.00115024
0.000696917
0.00354654
0.00158698
0.00246901
0.000480423
0.000691941
0.0016626
0.00241809
0.00208839
0.0064884
0.00397559
0.00205645
0.00126678
0.000803856
0.00368236
0.00156763
0.00272072
0.00495488
0.00328437
0.00166672
0.036183
0.00887357
0.00377504
0.00108657
0.00336937
0.00158455
0.00309145
0.00158164
0.00255393
0.0236709
0.00284405
0.00244201
0.00698403
0.00249202
0.000292435
0.000575509
0.00273752
0.0012523
0.00177385
0.00435504
0.00138525
0.00623144
0.00350074
0.000290711
0.000370348
0.00505351
0.00394182
0.000295276
0.00382734
0.00199067
0.00120641
0.00357143
0.000595464
0.000214482
0.00319001
0.00013706
0.000720963
0.000398721
0.00365277
0.00225262
0.000922981
0.00178926
0.0129009
0.00227655
0.00181625
0.00195502
0.00179051
0.00521247
0.00127766
0.00177691
0.000375765
0.00148492
0.00147214
0.0422624
0.00270524
0.00168626
0.00624275
0.00163767
0.0024515
0.00073426
0.00209765
0.00183402
0.00292442
0.00421158
0.00810439
0.00138944
0.00554429
0.0167567
0.0030765
0.000637716
0.000928133
0.00533227
0.000667587
0.000233599
0.00183059
0.00479204
0.00171014
0.000688073
0.00163196
0.00381836
0.00230253
0.00117242
0.00536773
0.000156261
0.0015671
0.00322624
0.00354152
0.000476418
0.00518642
0.00422292
0.00207354
0.00152545
0.000378729
0.00412635
0.00238287
0.0100488
0.00131256
0.0081047
0.00325888
0.00776106
0.00188979
0.00502352
0.00178746
0.00410038
0.00370752
0.00112106
0.00392303
0.00182019
0.00333858
0.000754002
0.00880641
0.00870912
0.00406579
0.00179814
0.00227906
0.000470275
0.00216454
0.00747131
0.00383763
0.00155494
0.00166151
0.00257821
0.000398455
0.00123556
0.000541123
0.00138402
0.00244097
0.0020295
0.00134332
0.00152268
0.00270475
0.00447789
0.000430271
0.000121979
0.000386907
0.00544832
0.00102794
0.00393535
0.00236099
0.0112167
0.00391179
0.00357327
0.00205512
8.37689e-05
0.00185346
0.00148888
0.00405828
0.00148601
0.00350912
0.00374279
0.00158579
0.00143172
0.000656035
0.0022774
0.000620591
0.00860795
0.00781163
0.00224708
0.00114959
0.000452488
0.00465867
0.00234774
0.000694941
0.00511592
0.000780455
0.00154948
0.00193521
0.00637679
0.00929023
0.000294626
0.00318071
0.00273106
0.00251677
0.00665405
0.00257366
0.00798715
0.0148859
0.00206484
0.000117003
0.00322972
0.00218027
0.00205176
0.00274279
0.00100754
0.00264688
0.0265991
0.000696597
0.00370873
0.00275688
0.00505778
0.00236911
0.00019107
0.00328052
0.00464784
0.00386818
0.00274879
5.81208e-05
0.00430634
0.000312515
0.00908711
0.00144976
0.00120239
0.000617808
0.00479676
0.00072998
0.00149386
0.00186498
0.000495379
0.000134353
0.0068345
0.000653981
0.00245471
0.000432235
0.00305709
0.000460208
0.00164536
0.00247128
0.000858563
0.000979533
0.00608297
0.00334715
0.00436372
0.00275209
0.00100006
0.00151977
0.00080996
0.0061846
0.00183232
0.00337963
0.00331869
0.00413658
0.00858338
0.00258845
0.00243946
0.00205156
0.0047824
0.00621061
0.00298868
0.00190296
0.00129687
0.00481052
0.0027103
0.00152632
0.00394353
0.00398996
0.00825911
0.000131755
0.00515302
0.000994297
0.00141025
0.00114531
0.000813288
0.00146304
0.00164895
0.00106944
0.000766191
0.00175663
0.0100337
0.000611269
0.00100372
0.00453499
0.00846958
0.0071422
0.00375896
0.00373598
0.00112713
0.00317441
0.00252214
0.0046886
0.00579954
0.00161605
0.00840016
0.00672329
0.00729388
0.00106113
0.00981804
0.000317229
0.00528347
0.00130942
0.000348164
0.00310042
0.00606294
0.00836706
0.00441836
0.00119114
0.00176438
0.000592444
0.00330186
0.0138841
0.000353133
0.00291597
0.00474046
0.00389968
0.00162848
0.00381119
0.00131178
0.00306802
0.0054835
0.000694596
0.00636923
0.00102183
0.00150598
0.00214431
0.00242174
0.000382386
0.00228206
0.0189177
0.000202375
0.00575761
0.00128324
0.00288384
0.000404701
0.00121228
0.00199563
0.00494993
0.00780429
0.000351379
0.00255839
0.00176126
0.00207695
0.000899441
0.00272503
0.001394
0.00170201
0.000804299
0.00083588
0.00124944
0.00249606
0.00343001
0.00445561
0.00438281
0.0017617
0.0009228
0.014931
0.00395694
0.00112395
0.00679227
0.00293503
4.96624e-05
0.000929034
0.000864775
0.000652186
0.0020512
0.000947746
0.00406229
0.00397458
0.00287107
0.00205372
0.0046536
0.00402206
0.000885644
0.0040593
0.00215125
0.0049069
0.00209639
0.00168631
0.0036073
0.000243765
0.00314885
0.000952309
0.0012306
0.00933944
0.00513752
0.00271961
0.0100699
0.00175462
0.00261109
0.000821115
0.000815446
0.00215843
0.00462387
0.00555684
0.00258367
0.00257512
0.000769237
0.00173184
0.00691001
0.00763679
0.0015727
0.00293207
0.000229419
0.00053984
0.0117743
0.00217007
0.00259124
0.000666333
0.00767659
0.00237586
0.00171195
0.00217844
0.000378969
0.00141131
0.000840893
0.00719447
0.00130893
7.12098e-05
0.00379058
0.000241484
0.00096592
0.00712323
0.00462435
0.00190328
0.00707489
0.00580881
0.00135911
0.000613753
0.00557929
0.00525048
0.000121945
0.00415759
0.00101618
0.0044515
0.000288665
0.00149188
8.77504e-05
0.0145144
0.00167029
0.000610623
0.000905921
0.000807793
0.00145034
0.0062259
0.000905322
0.00411187
0.00106577
0.00576929
0.00168385
0.00271303
0.00259471
0.00203434
0.00482039
0.00632872
0.000114319
0.0012275
0.0023595
0.00126544
0.00100304
0.00102393
0.00293403
0.00125965
0.00244115
0.000745019
5.28042e-05
0.00117681
0.00612719
0.00199058
0.00267048
0.0215425
0.00330986
0.00506898
0.00366808
0.000517932
0.00229441
0.00346538
0.000869588
0.00474547
0.004918
0.000872725
0.000224767
0.0164222
0.000745533
0.00180955
0.0033159
0.0022318
0.00131234
0.00551147
0.00317558
0.0068634
0.00568864
0.000929892
0.00144109
0.000113088
0.00156573
0.000991623
0.004288
0.00134358
0.00245728
0.00386719
0.0025859
0.044288
0.00877031
0.00911469
0.00490402
0.00170849
0.00235178
0.00066453
0.00588379
0.00392819
0.000156497
0.000434821
0.00472837
0.0016599
0.00145305
0.00122293
0.00660209
0.000177355
0.00219355
0.00313722
0.00363235
0.00674333
0.0017397
0.00443685
0.00239375
0.00262507
0.00127089
0.00449747
0.00775661
0.000115566
0.0016345
0.00249522
0.000795304
0.0031922
0.00012625
0.00380561
0.00274835
0.00108266
0.00468995
0.0027256
0.00135591
0.00246468
0.00737903
0.0014655
0.00342093
0.00160572
0.00107407
0.00643441
0.00756168
0.00107043
0.000181572
0.00135387
0.000926499
0.00166184
0.00114912
0.00493972
0.00046028
0.00118338
0.00154119
0.00289905
0.00168557
0.00101023
0.00036616
0.000934208
0.000281061
0.000737574
0.000306738
0.00303601
0.00110609
0.00452655
0.000588217
0.00249074
0.00226233
0.00824297
0.000797297
0.000970883
0.00165612
4.78757e-05
0.00207291
0.000932227
0.0121737
0.000553317
0.000277555
0.00487726
0.00341055
0.0272572
0.00377095
0.0055713
0.00579494
0.00147884
0.00200631
0.00235831
0.000793194
0.000636153
0.00278972
0.00159562
0.00150336
0.00185609
0.000695393
0.000512863
0.00137665
0.00410496
0.00308748
0.00382768
0.00250455
0.00129874
0.00353913
0.00688247
0.00115126
0.000492878
0.000681317
0.00688754
0.00648206
0.00657891
0.00365791
0.00273853
0.00370072
0.00111345
0.00120617
0.00167375
0.00285687
0.00430006
0.00200396
0.00263329
0.00164222
0.000613131
0.000977242
0.0116134
0.00234171
0.000241555
0.00125558
0.0251335
0.00339512
0.0068891
0.00370664
0.00396773
0.00161878
0.00355951
0.0005776
0.00175477
0.00964146
0.00347643
0.00417864
0.00218432
0.0011779
0.0031912
0.00194789
0.00834251
0.00826175
0.0019528
0.00436865
0.00734121
0.00124287
0.00660455
0.00114664
0.0004611
0.00197895
0.00209922
0.0182115
0.00391448
0.0210967
0.0026037
0.00504865
0.0029383
0.00780377
0.00302793
0.00890398
0.00224074
0.0327573
0.00139901
0.000183934
0.00252089
0.00386371
0.00241564
0.00506461
0.0057709
0.00175109
0.00501658
0.00405611
0.000893412
0.00152281
0.00308873
0.00137133
0.0153633
0.000157437
0.00792225
0.00209929
0.00227698
0.00282567
0.00308995
0.00497304
0.00234606
0.0198952
0.00119002
0.00119229
0.000140089
0.00923521
0.00339023
0.00158927
8.52021e-05
0.000996975
0.00225718
0.00102202
0.00157168
0.00281603
0.00134125
0.00185461
0.00351538
0.00337116
0.0065614
0.00101485
0.00331636
0.000174216
0.00202121
0.00065184
0.000656867
0.00599452
0.00329768
0.00336759
0.00091177
0.00286446
0.000175919
0.000932778
0.0145135
4.10064e-05
0.00364551
0.000361459
0.0016346
0.00813974
0.000595663
0.00292143
0.00107946
0.000530212
0.00552409
0.000478089
0.000643609
0.000462367
0.000871978
0.000450077
0.000155552
0.00173868
0.00373034
0.000107675
0.00965844
0.00247695
0.00216049
0.000547603
0.0042437
0.00364778
0.00130262
0.00441693
0.00337156
0.0120176
0.0194341
0.0308025
0.00155918
0.00569332
0.00343523
0.0057859
0.00236085
0.00366522
0.00068365
0.00600327
0.00108092
8.56024e-05
0.00470545
0.00838287
0.0014987
0.00558359
0.000433271
0.00259522
0.00235001
0.0100185
0.00658992
0.00138007
0.000276049
0.0201793
0.000333103
0.00302531
0.00180051
0.00192932
0.0010409
0.00602829
0.0108244
0.00065222
0.000591767
0.00348017
0.0196372
0.00167477
0.00303166
0.000671837
0.00144004
0.000564047
0.0017586
0.00186448
0.00362357
0.00211234
0.00491488
0.00110982
0.00873877
0.00248601
0.00404119
0.00700143
0.00174415
0.00338499
0.00113211
0.00550544
0.00707024
0.00722484
0.00175356
0.00384179
0.00296297
0.00292598
0.00549245
8.55755e-05
0.00220358
0.00765127
0.00337078
0.00449731
0.00166822
0.00341628
0.00198123
0.00105052
0.0128563
0.0110616
0.000189941
0.00649647
0.00458867
0.0027093
0.00617672
0.000983093
0.000472615
0.000799784
0.00143922
0.00033272
0.00302647
0.00126474
0.00553974
0.0017967
0.00429759
0.00127178
0.00154103
0.00192627
0.00624033
0.00592583
0.00548705
0.00514029
0.00295269
0.0103449
0.00364163
0.00694701
0.00289699
0.00797136
0.00160057
0.00579913
0.00664408
0.00203569
0.00261406
0.00946608
0.00153844
0.00222684
0.00181587
0.00287431
0.00347009
0.00303288
0.00145303
0.00333831
0.00650141
0.0020903
0.00151682
0.000879786
0.0022503
0.000138991
0.00111683
0.00256192
0.00138145
0.00317311
0.00143825
0.00344177
0.00263997
0.0014923
0.00169947
0.00148793
0.000818195
0.000415052
0.00202193
0.00566044
0.00629301
0.00124577
0.000765574
0.000521612
0.00105103
0.00243065
0.00207736
0.00584614
0.00212915
9.0084e-05
0.000178584
0.00330836
0.00208179
0.000303835
0.0118423
0.000303425
0.00335394
0.00394187
0.022677
0.00138678
0.00090047
0.00299791
0.00627941
0.00100042
0.000466399
0.00657189
0.000380643
0.00225584
0.00510483
0.000321803
0.00417067
0.000782195
0.00534148
0.00626365
0.000868146
0.00339638
0.00588
0.00100574
0.00391474
0.000897185
0.00409381
0.00306151
0.0039703
0.00010706
0.00102235
0.00221309
0.00685522
0.000771657
0.0053615
0.00268924
0.000312141
0.00153091
0.00137894
0.00470792
0.000584159
0.00305848
0.00332664
5.20994e-05
0.00470707
0.00238409
0.00196744
0.00189867
0.00017996
0.00489777
0.00521902
0.00244324
0.00485563
0.00374086
0.000439733
0.00223842
0.00104589
0.00396766
0.0027447
0.000767999
0.00488673
0.000313826
0.00134339
0.00166021
0.0044878
0.00234565
0.00627628
0.0104014
0.000118393
0.00177687
0.00158351
0.00135123
0.000173122
0.00411553
0.0339242
0.00689912
0.000164166
0.00859439
0.00171005
0.000852272
0.00127172
0.00723801
0.00101959
0.00040151
0.00317972
7.0979e-05
0.00528288
0.0062246
0.000616659
0.000473821
0.00620176
0.000112366
0.00290405
0.00289254
0.00476185
0.00433947
0.0020082
0.0014308
0.00559646
0.00438958
0.00899653
0.00181122
0.0103132
0.00105268
0.00318675
0.00139704
0.00607126
0.00244489
0.0103011
0.00602014
0.00223882
0.00427905
0.0269616
0.00447275
0.00374853
0.000681057
0.00611022
0.00319253
0.00278436
0.00608059
0.00481723
0.00841113
0.000763539
8.86459e-06
0.00382573
0.000740749
0.000409413
0.00285863
0.00429703
0.00443959
0.00186433
0.000388016
0.00262003
0.00917874
0.00470266
0.0318676
0.00403093
0.000651403
0.00364632
0.00330306
0.0245511
0.00312407
0.00641272
0.000923145
0.00117318
0.00463264
0.00113142
0.000503247
0.00112353
0.00520572
0.00014339
0.00033827
0.000881683
0.00603397
0.00124884
0.00388762
0.00300646
0.00145377
0.00210977
0.00479662
0.00307076
0.00223202
0.00365894
0.00393702
0.00947897
0.000125111
0.00156089
0.00800486
0.00236404
0.000136985
0.000568561
0.0016649
0.00530378
0.00257176
0.00473375
0.00337287
0.00112165
0.00326008
5.36737e-05
0.00134115
0.000435872
0.010243
0.00414016
0.0108604
0.00175886
0.00882347
0.00119721
0.000266291
0.00362514
0.00596656
0.00125432
0.000754726
0.00897241
0.00363152
0.00208023
0.00331311
0.00582608
0.00359577
0.000655708
0.0023175
0.000399063
0.0103817
0.00154404
0.00181341
0.00161741
0.00114443
0.000798944
0.00431335
0.00514719
0.00256824
0.00434142
0.00446415
0.0111034
0.00103706
0.00207507
0.00154311
0.000717179
0.00215431
0.00197813
0.00127823
0.000569439
0.00381788
0.00183905
0.00196874
0.000440927
0.000528024
0.00181404
0.00251355
0.00201398
0.00633348
0.00425495
0.00183535
0.00131122
0.000824802
0.00336001
0.00162914
0.00260686
0.00516408
0.00317195
0.00137442
0.031265
0.00801151
0.0037872
0.00109616
0.00283182
0.00182204
0.00392333
0.00156785
0.00223701
0.0232193
0.00314662
0.00370255
0.0074064
0.00231869
0.00044448
0.000951751
0.00287701
0.00121531
0.00137399
0.00459077
0.00153238
0.0070996
0.00335045
0.000192236
0.000477945
0.00338875
0.00427998
0.000442052
0.0045397
0.002173
0.000715169
0.00384464
0.000377261
0.00020352
0.0031735
0.000227427
0.00077172
0.000328168
0.00410757
0.00279393
0.00107184
0.00186917
0.0107281
0.00301276
0.00208234
0.00161816
0.00177101
0.00546893
0.00114358
0.00187893
0.000503589
0.00137043
0.0013941
0.0416455
0.00271515
0.00201073
0.00691726
0.0013431
0.00245985
0.000633034
0.00294784
0.00197213
0.00262417
0.00344974
0.0067334
0.001697
0.00618882
0.0159281
0.00275861
0.000823683
0.00105453
0.00519288
0.000757493
0.000181408
0.00176643
0.00461883
0.0015621
0.000760645
0.00139336
0.00350783
0.0025367
0.00137493
0.00626308
0.000186159
0.00154072
0.00328369
0.00367782
0.000355489
0.00525284
0.00452584
0.00182019
0.00189416
0.000402696
0.00372998
0.00242794
0.00840304
0.00129737
0.00818242
0.00295879
0.00641402
0.00225
0.00455329
0.00143854
0.0039354
0.00404203
0.00145113
0.00400128
0.00176718
0.00347982
0.000697395
0.00781239
0.00825594
0.00412351
0.00179171
0.00245651
0.000620718
0.00227433
0.00864764
0.00403018
0.00182587
0.00140513
0.002491
0.00036686
0.0013443
0.000538466
0.00164979
0.00270976
0.00163105
0.00131191
0.00151483
0.00299944
0.00488318
0.000461567
0.000168075
0.000383894
0.00502696
0.00150095
0.00329668
0.00199569
0.0104423
0.00359491
0.00324391
0.00278206
6.07422e-05
0.00217109
0.00214229
0.003369
0.000986996
0.00340182
0.00354635
0.001647
0.00126195
0.00027554
0.00283618
0.000489928
0.00743446
0.0084975
0.00239324
0.00144352
0.000513354
0.00445548
0.00228331
0.000823716
0.0057074
0.000995886
0.00155574
0.00231523
0.00588593
0.00958905
0.000272017
0.00281901
0.00242176
0.00234556
0.00618843
0.00258675
0.00717683
0.0165244
0.00214105
0.000152695
0.00336481
0.00174619
0.00228532
0.00302339
0.00111843
0.0024056
0.0270418
0.00046654
0.00305617
0.00283585
0.00516973
0.00247411
0.000144873
0.00303399
0.00444215
0.00363828
0.00272849
8.14383e-05
0.00396977
0.000318595
0.00888482
0.00149292
0.00138404
0.000561574
0.00443675
0.00075122
0.00167344
0.00172043
0.00062309
9.22545e-05
0.00677657
0.000812582
0.00231855
0.000375144
0.00314829
0.000470581
0.00192597
0.00230649
0.000598565
0.00193012
0.00652099
0.00326058
0.00430001
0.00268399
0.000770928
0.00144797
0.000854104
0.00674152
0.00180198
0.00314733
0.00275865
0.00364797
0.00782596
0.00268613
0.00270277
0.00215837
0.00432798
0.00684163
0.00291512
0.00182677
0.00117147
0.0056814
0.0025807
0.00215428
0.00409342
0.00387974
0.00895133
0.000158426
0.0068226
0.000765083
0.00124873
0.00138846
0.00131372
0.00197614
0.00191071
0.000944493
0.000474142
0.00207402
0.0110392
0.000497564
0.00112016
0.00444161
0.00858234
0.00743729
0.00477967
0.00220526
0.00121269
0.00287193
0.00377053
0.00467836
0.00561402
0.00157334
0.00826472
0.00605918
0.00688526
0.000857462
0.0102193
0.000152795
0.00516138
0.00125597
0.000527768
0.00282931
0.00605839
0.0082993
0.00479456
0.00157251
0.00224247
0.000645529
0.00280039
0.014006
0.000306507
0.00309057
0.00423896
0.00273479
0.00151784
0.00427089
0.00122709
0.00229123
0.0051752
0.000573582
0.00723281
0.00093327
0.00170407
0.00185621
0.0018022
0.000444235
0.00234671
0.017363
0.000207087
0.00530858
0.000930726
0.00290502
0.000472319
0.00118645
0.00247464
0.00479703
0.00830856
0.000466267
0.0025203
0.0019353
0.00258195
0.000785643
0.00260397
0.0013521
0.00152029
0.000991909
0.000821165
0.00122089
0.00272249
0.00331172
0.00348454
0.00433455
0.00161972
0.000938609
0.0144937
0.00362627
0.00120209
0.00787137
0.00268596
4.54799e-05
0.000896894
0.000950324
0.00104036
0.00202735
0.00111377
0.00413035
0.00350462
0.00305178
0.00225028
0.00581944
0.00433417
0.0006904
0.00415757
0.00198937
0.00479004
0.00258857
0.00174042
0.00391525
0.00045813
0.00323007
0.00082397
0.00143886
0.00929654
0.00482309
0.00266673
0.0091519
0.00151623
0.00239088
0.000695678
0.000837158
0.00264876
0.00467425
0.00610386
0.00251445
0.00269673
0.000570151
0.00176891
0.00701549
0.00726195
0.00167688
0.00243866
0.000347201
0.000488023
0.0129145
0.00222849
0.00313213
0.000689442
0.00684824
0.0021563
0.00196983
0.00206287
0.000318971
0.00109415
0.000733169
0.00626033
0.0012946
9.068e-05
0.00399091
0.000422887
0.00100395
0.00711758
0.00493404
0.00233184
0.00695645
0.00557732
0.00138554
0.000564057
0.00463596
0.00479347
0.000171352
0.00449737
0.000950433
0.00425491
0.000206162
0.00129462
0.000101124
0.0161074
0.00181272
0.000590106
0.000898347
0.000846059
0.00167329
0.00623007
0.00091112
0.00435529
0.00110158
0.00536605
0.00181226
0.00310647
0.00247003
0.00175039
0.00499883
0.00586688
0.000163036
0.00115572
0.00241449
0.00109672
0.000848056
0.00101591
0.00279409
0.00138759
0.00241572
0.000803826
5.34604e-05
0.00111595
0.00592478
0.0018917
0.00259243
0.0200579
0.00339558
0.00580635
0.00276397
0.000612647
0.00283712
0.00364385
0.000729067
0.00511956
0.00414133
0.000913647
0.000204475
0.0168102
0.000758781
0.0022412
0.00328621
0.00189681
0.00115346
0.00512764
0.00333028
0.00644633
0.00505314
0.00090527
0.00144896
0.000130596
0.00170423
0.00112584
0.00443117
0.00137983
0.00247507
0.00431577
0.00249682
0.044075
0.0105479
0.00895776
0.00431178
0.0019005
0.00212821
0.000794097
0.00620266
0.003045
0.000223651
0.000392906
0.004405
0.00141732
0.00224258
0.00123258
0.00588566
0.000111769
0.00158962
0.00299342
0.00420212
0.00750771
0.00152242
0.00448304
0.0022283
0.00212856
0.00115742
0.00459359
0.00750294
4.33342e-05
0.00182352
0.00228973
0.000628037
0.00324107
0.000148441
0.00391397
0.00265153
0.00104896
0.00482811
0.0026998
0.00127028
0.00224175
0.0048697
0.00140817
0.00328414
0.0014264
0.00103933
0.00625449
0.00800283
0.000996921
0.000179683
0.00131072
0.00080654
0.00155081
0.00129044
0.00537955
0.000411422
0.00103955
0.00154836
0.00309943
0.00179871
0.000664911
0.000316048
0.000960244
0.000315072
0.000733529
0.000271909
0.00317687
0.00111631
0.00515543
0.000684632
0.00242334
0.00240476
0.00766568
0.000828728
0.00102423
0.00191727
4.89295e-05
0.00205976
0.000786836
0.0128885
0.00064851
0.000236791
0.00529207
0.00372784
0.0222559
0.00413121
0.00553225
0.00602487
0.00139881
0.00230717
0.00248656
0.000614706
0.000674479
0.00274845
0.00180011
0.00147809
0.00181075
0.000596306
0.000428511
0.00162665
0.0042495
0.00319872
0.00306458
0.00243208
0.00122857
0.00331797
0.00678561
0.00117962
0.000527616
0.00089332
0.00741066
0.00642218
0.00657368
0.00435054
0.00278237
0.00365241
0.00111575
0.00121233
0.00186206
0.00315757
0.00400721
0.00218329
0.0028917
0.001856
0.000606404
0.00156237
0.0120605
0.00256331
0.000198968
0.00120809
0.0254065
0.00297691
0.00695032
0.00360008
0.00376024
0.00137256
0.00256205
0.000601988
0.00181145
0.00957703
0.00332069
0.00546658
0.00205594
0.00131457
0.00321804
0.00167854
0.00821979
0.00809594
0.00166672
0.00442965
0.00923345
0.0013987
0.00541176
0.00108094
0.000461984
0.00201352
0.00201795
0.0172039
0.00329563
0.0205955
0.00228149
0.00354356
0.00268333
0.00619271
0.0028025
0.00862534
0.00287808
0.0318841
0.00183677
0.000138479
0.00267916
0.00413356
0.00279826
0.00530127
0.00595193
0.00150093
0.00441675
0.00404074
0.00114638
0.00157492
0.00287782
0.00120925
0.0155983
0.000174405
0.00764243
0.00278712
0.00195311
0.00286702
0.0031218
0.00522025
0.00252793
0.0212419
0.00130083
0.00159546
0.000306228
0.00934348
0.00387309
0.00186117
8.72122e-05
0.00124184
0.0025199
0.00127735
0.00157448
0.00257911
0.00121686
0.00173829
0.00338913
0.00353785
0.00663889
0.00114441
0.00328785
0.000226272
0.00196701
0.00060575
0.000681596
0.00646619
0.00312771
0.00345478
0.00106909
0.0029343
0.000203771
0.000860943
0.0144426
3.8764e-05
0.00345033
0.000394144
0.00163722
0.00850337
0.000629804
0.00288506
0.00104759
0.000525667
0.00535056
0.000497077
0.000709375
0.000374851
0.000942261
0.000466794
0.000137689
0.00178087
0.00379773
0.000109215
0.00984441
0.002964
0.00201891
0.000544026
0.00422834
0.0033846
0.0012526
0.00435285
0.00330604
0.0116808
0.0174591
0.0309941
0.00158403
0.00570802
0.00335797
0.00641839
0.00237057
0.0028405
0.000728019
0.0057539
0.00113685
9.56589e-05
0.00459294
0.0082897
0.00140772
0.00522803
0.000447944
0.00246669
0.00235138
0.00997221
0.00675082
0.00136794
0.000286596
0.0198909
0.000301914
0.00303087
0.00184861
0.00177337
0.00107599
0.00617639
0.0111586
0.000710888
0.000626316
0.00353537
0.0202506
0.00168561
0.00298773
0.000690969
0.00135508
0.000549879
0.00170358
0.00198981
0.00360676
0.00216144
0.0047785
0.00114362
0.00853715
0.00250628
0.00411684
0.00707167
0.00170116
0.00409534
0.00112576
0.00558066
0.00696635
0.0072908
0.00178869
0.00365148
0.00306103
0.00298887
0.00569535
8.59668e-05
0.00224379
0.00711268
0.00344426
0.00428135
0.00162515
0.00343971
0.00194765
0.000982781
0.0122091
0.0106977
0.000235267
0.00665945
0.00449437
0.00281643
0.0062082
0.000938644
0.000469678
0.000831728
0.00145595
0.000371309
0.00293117
0.00122388
0.00539444
0.00160927
0.00416426
0.00124006
0.00154521
0.00193594
0.00613906
0.006061
0.00582058
0.00530249
0.00272853
0.00990021
0.00370528
0.00697357
0.00277421
0.00823368
0.00161572
0.00586455
0.00678572
0.00199258
0.00254115
0.00949636
0.00161088
0.00212464
0.0018307
0.00253491
0.00343291
0.00291659
0.00144931
0.00300949
0.00669759
0.00202213
0.00160129
0.000850173
0.00216148
0.000140869
0.00114083
0.00259267
0.00132769
0.0033733
0.00145434
0.00350066
0.00258941
0.00176208
0.00174336
0.0014938
0.000819266
0.000403738
0.00203198
0.00548787
0.0062139
0.00125998
0.000802131
0.000462662
0.0010646
0.00253177
0.00206694
0.0058955
0.00222258
8.92749e-05
0.000189912
0.00333625
0.00211339
0.000304155
0.0119626
0.00029654
0.00325727
0.00382931
0.0235347
0.00118557
0.000904599
0.0030798
0.00622988
0.00107743
0.000492098
0.00640986
0.000383335
0.00227597
0.00506883
0.000333113
0.0038849
0.000846571
0.00526759
0.00624561
0.000870973
0.00318436
0.00582188
0.000948452
0.00396483
0.000958793
0.00426324
0.00315856
0.00378418
9.28479e-05
0.00108659
0.00208878
0.00692595
0.000758933
0.00547362
0.00283517
0.00040135
0.00133564
0.00138609
0.00459665
0.000610953
0.0030206
0.00341568
5.20682e-05
0.00476438
0.00248537
0.00206
0.00194356
0.000155439
0.0046094
0.0051547
0.00242286
0.00485725
0.00369399
0.000465393
0.00229141
0.00125236
0.00390993
0.00298365
0.000766799
0.00491101
0.00027567
0.00135148
0.00163313
0.00453976
0.00235079
0.00641053
0.0101329
0.000123928
0.00151342
0.00152655
0.00126971
0.000174613
0.00386094
0.0338183
0.00729294
0.000150756
0.00846306
0.00170444
0.000861095
0.00130465
0.00759767
0.00103864
0.000410975
0.00299849
7.67122e-05
0.00527611
0.00596859
0.000630449
0.000447671
0.00599256
9.33133e-05
0.00282121
0.00281682
0.00458868
0.00443781
0.00204026
0.00144175
0.00568952
0.00443656
0.00918939
0.00185999
0.0100523
0.00107998
0.00319132
0.0013844
0.0061793
0.00258775
0.0102034
0.00596527
0.00227769
0.00413917
0.0270639
0.00433085
0.0038194
0.000658432
0.00613195
0.00322394
0.00281103
0.00622248
0.00494343
0.00813798
0.000780803
1.01285e-05
0.00385591
0.000732201
0.000405394
0.00278977
0.00447594
0.00442162
0.0018646
0.000379742
0.0027693
0.00916004
0.0046767
0.0312234
0.00406883
0.0006357
0.00354832
0.00293917
0.0242893
0.00318896
0.00644133
0.000897266
0.00116728
0.00483953
0.00116021
0.000498332
0.00107299
0.00561344
0.000145651
0.00034692
0.000903854
0.0060917
0.00130919
0.00391197
0.00302637
0.00146666
0.00219819
0.00486187
0.00317411
0.00222445
0.00375356
0.00382452
0.00924054
0.000116281
0.0014868
0.0080126
0.00242535
0.000138617
0.000564702
0.00162122
0.00537386
0.00254001
0.00483845
0.00341977
0.00106849
0.00315201
5.47332e-05
0.00135226
0.000465491
0.0100513
0.00410855
0.0102263
0.00177312
0.00855112
0.0011646
0.000259175
0.00346323
0.00592913
0.00130487
0.000752551
0.00898567
0.00376316
0.0019138
0.00338366
0.00569637
0.00356721
0.000644444
0.00229042
0.000382078
0.0105821
0.00158291
0.00177288
0.00167071
0.00118152
0.000809546
0.00442021
0.00401317
0.00257525
0.00427322
0.00445096
0.0110525
0.00102476
0.00204042
0.00153792
0.000672339
0.00218503
0.00210219
0.00124552
0.000534854
0.00384471
0.00175477
0.00201065
0.000429911
0.000528511
0.00179849
0.0025071
0.00201231
0.00649437
0.0042348
0.00176255
0.001286
0.000850356
0.00334793
0.00164909
0.0026225
0.00512594
0.00312777
0.00114955
0.0320516
0.00820204
0.00374521
0.0010743
0.00276187
0.00180788
0.00403701
0.00149064
0.00238882
0.0229146
0.00319072
0.00375786
0.00753742
0.00230106
0.0004289
0.00100384
0.00289775
0.00127319
0.00138024
0.00472013
0.00162242
0.00693503
0.00334424
0.000203957
0.000482006
0.00329819
0.00434109
0.000464956
0.00463125
0.00225208
0.00062052
0.00389469
0.000435378
0.000204816
0.0031688
0.000207516
0.000804556
0.000318156
0.00425527
0.00286013
0.000896469
0.00191657
0.0102776
0.00309983
0.00209561
0.00151372
0.00177036
0.00558805
0.00112198
0.00187098
0.000530616
0.00139234
0.00142802
0.0415665
0.00254335
0.0020694
0.00697637
0.00132385
0.00247948
0.000568804
0.0027571
0.00196127
0.00268404
0.00334098
0.00640465
0.00173499
0.00650722
0.0157336
0.00275736
0.000835043
0.00108507
0.00519484
0.000781634
0.000182098
0.00170793
0.00456274
0.0015391
0.000746379
0.00145355
0.00347348
0.00281393
0.00142774
0.00630166
0.000187172
0.00151889
0.00336657
0.00368361
0.000366938
0.00536152
0.00459062
0.00171625
0.00182195
0.000430908
0.0036498
0.00252323
0.0082641
0.00129955
0.00859929
0.00268268
0.00626756
0.00224121
0.00449427
0.00138626
0.0038469
0.00396933
0.0014161
0.00400525
0.00172125
0.00357274
0.000707189
0.00705219
0.00794112
0.00349284
0.00150862
0.00238948
0.000656504
0.00224372
0.00868507
0.00406575
0.00196909
0.00150313
0.0025989
0.000363836
0.00135159
0.000529086
0.00167417
0.00263452
0.00164708
0.0013052
0.00158272
0.00306943
0.00474603
0.000434211
0.000146368
0.000390577
0.00517201
0.00154286
0.00315512
0.00193738
0.00987258
0.00369178
0.00325018
0.00303955
6.31348e-05
0.00247371
0.00224488
0.00342719
0.000896359
0.00348894
0.00352055
0.00167737
0.00125384
0.000318644
0.00286169
0.00047951
0.00744516
0.00879954
0.00240749
0.00149409
0.000503746
0.00436282
0.00222488
0.000874444
0.00495581
0.00103891
0.00159443
0.00225438
0.00581319
0.0099444
0.000300157
0.00282888
0.00236445
0.0022812
0.00632046
0.00248297
0.00728821
0.0169917
0.00207177
0.000254222
0.00335813
0.00173965
0.00225576
0.00321132
0.00114971
0.00238414
0.0270651
0.000436446
0.00301588
0.00311712
0.00521437
0.00244605
0.000139268
0.00304718
0.00456163
0.00363478
0.00270204
9.35628e-05
0.00399547
0.000315899
0.00890065
0.00144231
0.00143536
0.000582395
0.00451416
0.000784372
0.00169187
0.0016398
0.000627184
8.99003e-05
0.00667466
0.00085006
0.00223878
0.000388843
0.00315374
0.000455389
0.0020176
0.00232468
0.000590869
0.00219286
0.00666564
0.00320622
0.00435661
0.00266998
0.000702674
0.00140577
0.0008764
0.00673001
0.00180774
0.00313675
0.0027723
0.00362323
0.0075627
0.00238672
0.00281646
0.00220263
0.00436917
0.00693996
0.00286871
0.00184601
0.00115933
0.00575861
0.00251016
0.00228483
0.00434988
0.00353542
0.00784432
0.000161375
0.00662019
0.000704396
0.00127815
0.00143691
0.00134847
0.00203997
0.00189703
0.000918107
0.000417234
0.00227022
0.0111818
0.000454121
0.00104666
0.0044047
0.00855795
0.0074535
0.00495728
0.00226794
0.00121468
0.00263938
0.00336546
0.00469979
0.00531567
0.00181304
0.0082795
0.00522791
0.00679202
0.000893914
0.0104185
0.000137471
0.00491542
0.00124296
0.000621373
0.00273817
0.00614658
0.00823681
0.00558098
0.00177507
0.00208091
0.000597859
0.0026592
0.014128
0.000287553
0.00301386
0.00415569
0.00258731
0.00161214
0.00452958
0.00125937
0.0024535
0.00508973
0.000550139
0.00732992
0.000930396
0.00178559
0.00185879
0.00155182
0.000410679
0.00233094
0.016792
0.000204338
0.00536075
0.000859572
0.00284224
0.000488024
0.00121182
0.00244394
0.00488269
0.00803397
0.000459294
0.00254889
0.00196424
0.002633
0.000778039
0.00253413
0.00128047
0.00151127
0.000935859
0.00076286
0.00121229
0.00296491
0.00329956
0.00339502
0.0043613
0.0016637
0.000932567
0.0144544
0.00360071
0.0013341
0.0066072
0.00280413
4.56117e-05
0.000889275
0.000955987
0.00108397
0.00201212
0.00103077
0.00396247
0.00342474
0.00308989
0.00224335
0.00582115
0.0043485
0.00065532
0.00412215
0.00197471
0.004752
0.00272319
0.00195048
0.00399972
0.000408994
0.00322262
0.000757334
0.00144957
0.009219
0.00481211
0.00265586
0.00894979
0.00146432
0.00229688
0.00061019
0.000914016
0.00285727
0.00472833
0.00599042
0.00252151
0.00269141
0.000563197
0.00180852
0.00700442
0.00730229
0.00170688
0.00233
0.000363325
0.00043323
0.0134337
0.00226608
0.00316402
0.00072313
0.00683326
0.00209953
0.00205725
0.00204666
0.000304126
0.00118533
0.000787974
0.00519045
0.00129068
9.31748e-05
0.00386353
0.00038444
0.00100062
0.00704098
0.00511791
0.00283291
0.00719333
0.00552371
0.00140093
0.000559308
0.00413896
0.00480643
0.000166588
0.00450269
0.000939646
0.00427234
0.000193779
0.00135254
9.99869e-05
0.0166907
0.00169509
0.000594413
0.000916152
0.000864047
0.00170539
0.00621317
0.000918242
0.00433051
0.00110618
0.00540184
0.00197959
0.00310956
0.0025431
0.00175804
0.00499718
0.00578699
0.00017064
0.00113485
0.00242357
0.00109078
0.000890594
0.00102759
0.00278851
0.00147788
0.00241897
0.000797898
5.44792e-05
0.00109921
0.00587189
0.00186601
0.0025892
0.0194371
0.00307543
0.0056082
0.00268142
0.00061036
0.00287161
0.00361361
0.000717782
0.00512873
0.00450219
0.000953005
0.000201768
0.0169281
0.000764397
0.00230491
0.00320306
0.00181353
0.00119406
0.00492165
0.00340362
0.00591413
0.00476575
0.000895247
0.00133947
0.000154919
0.00175233
0.00110245
0.00433906
0.00138313
0.00243971
0.00431284
0.00239736
0.044014
0.0102044
0.00882846
0.00420172
0.00191232
0.00208508
0.000822845
0.00623136
0.00286004
0.000197987
0.000373292
0.00411504
0.00144697
0.0023211
0.00125216
0.00572161
0.00010237
0.0016745
0.00298832
0.00419194
0.00843503
0.00148155
0.00467419
0.0021521
0.00213862
0.00117219
0.00463096
0.00620063
4.22569e-05
0.00167033
0.00232317
0.000652417
0.00318075
0.000146018
0.00400411
0.00264043
0.00103516
0.00483183
0.00267623
0.00119176
0.00221216
0.0049176
0.00143352
0.00327591
0.00140173
0.00105134
0.00632132
0.00783433
0.000973881
0.00017019
0.00127183
0.000792696
0.0015324
0.00129342
0.00526603
0.000396871
0.00104645
0.00154135
0.00316353
0.00177916
0.000668851
0.000331038
0.000948245
0.000374606
0.000730633
0.00027321
0.00318478
0.00095327
0.00537604
0.000729097
0.00234319
0.00239362
0.00712046
0.000844637
0.00103341
0.00194573
4.7841e-05
0.00198467
0.000751678
0.0133347
0.000745458
0.000241098
0.00501254
0.00378503
0.0227542
0.00412433
0.00547498
0.00613792
0.00140782
0.00223045
0.00244241
0.000507505
0.000699944
0.00276102
0.00186562
0.00147497
0.00180974
0.000585947
0.000458705
0.0017714
0.00451154
0.00336293
0.00312731
0.00243977
0.00130278
0.00333246
0.00686544
0.00118172
0.000532657
0.000886395
0.00747043
0.00664781
0.0064619
0.00410262
0.00277859
0.0035494
0.00108341
0.00125306
0.00188918
0.00321619
0.00411657
0.00212321
0.0029607
0.00196327
0.000613802
0.00163336
0.0120122
0.00257701
0.000187462
0.0012456
0.0253304
0.00351277
0.00694174
0.00362686
0.00372183
0.00128812
0.0026311
0.000599046
0.00186935
0.00946747
0.00335943
0.00531829
0.00199114
0.0012742
0.00320285
0.0017192
0.00820653
0.00803182
0.0016204
0.00447684
0.00957764
0.00129926
0.00554233
0.00103427
0.000446954
0.00198233
0.00199446
0.0169439
0.00311548
0.0204784
0.00218268
0.00354624
0.00260836
0.00607922
0.00280771
0.00855158
0.0028261
0.0319883
0.00190248
0.000141261
0.00267805
0.00401925
0.00280938
0.00526772
0.0060151
0.0015627
0.00427746
0.00408414
0.00109526
0.00156537
0.00271774
0.00114061
0.0154809
0.000180306
0.00782191
0.00290523
0.00188826
0.00286458
0.00310965
0.00521673
0.00254773
0.0222332
0.00153214
0.00206812
0.000265037
0.00939241
0.00381738
0.0018801
9.19666e-05
0.00127862
0.00276886
0.00124298
0.00150972
0.00270582
0.00117861
0.00171136
0.00336384
0.00350373
0.00661255
0.00121131
0.00326809
0.000252223
0.00192982
0.000580424
0.000645539
0.00632655
0.00318359
0.00332133
0.00100977
0.00288326
0.000201965
0.000892927
0.0140838
3.84803e-05
0.00351121
0.000390408
0.00158636
0.00841385
0.000632509
0.00287941
0.00106211
0.000525893
0.00531856
0.000498784
0.00068975
0.000355086
0.000933593
0.000472795
0.000134036
0.00176363
0.00384534
0.00010757
0.00984888
0.00311428
0.0019894
0.0005554
0.00420897
0.00347617
0.00123723
0.00442296
0.00331266
0.0117309
0.0164318
0.030756
0.00162088
0.00567752
0.00334928
0.00686801
0.00232368
0.002458
0.000720686
0.00588883
0.00115277
9.796e-05
0.00451116
0.00865186
0.00149758
0.00529141
0.000436676
0.00247295
0.00249638
0.01001
0.00670281
0.00135505
0.000279275
0.0201752
0.000315674
0.00305257
0.00187712
0.00179051
0.00110473
0.00618343
0.0113573
0.000722964
0.000648439
0.00356519
0.0199118
0.00168761
0.00304974
0.000705776
0.00138966
0.000573979
0.00171139
0.0019699
0.0036148
0.0021728
0.00474569
0.00116957
0.0083727
0.00252043
0.0041665
0.00710056
0.00170121
0.00397336
0.00112477
0.00559407
0.00694077
0.00729873
0.00178935
0.00366514
0.00306871
0.00299255
0.00574986
8.59979e-05
0.00226009
0.00707401
0.00342203
0.00420419
0.00159817
0.003454
0.00196088
0.000989303
0.0121358
0.010512
0.000233567
0.00666074
0.00450422
0.00279262
0.00619162
0.000920044
0.00046907
0.000840639
0.00145
0.00038127
0.0029325
0.00122263
0.00538333
0.00160679
0.00408729
0.00124547
0.00155416
0.0019583
0.0061459
0.00605323
0.00583208
0.00531821
0.00264055
0.00983893
0.00368397
0.00699156
0.002779
0.00829675
0.00160331
0.00588483
0.00678023
0.00198584
0.00254375
0.00954897
0.00159355
0.0021298
0.00183678
0.0023994
0.00342152
0.00288864
0.00145929
0.00302673
0.00668546
0.00200024
0.0016341
0.000866275
0.00215293
0.000153911
0.0011266
0.00260502
0.00132245
0.00339182
0.00145532
0.00352998
0.00259127
0.00162929
0.00171182
0.00147399
0.00082435
0.000421276
0.00204329
0.00556873
0.00624171
0.00129989
0.00078852
0.000457392
0.00109204
0.00245917
0.00210006
0.00594642
0.00222812
9.16124e-05
0.000188745
0.00332576
0.00206175
0.000313786
0.01194
0.000304149
0.00328395
0.00386235
0.0231901
0.00123852
0.000908327
0.00310575
0.00616038
0.00107986
0.000488441
0.00645082
0.000384662
0.00228781
0.00509796
0.000335152
0.00392625
0.000859751
0.0052307
0.00622527
0.000885492
0.00315413
0.00578662
0.000945405
0.00400227
0.000973508
0.00432095
0.00315285
0.00379668
9.45365e-05
0.00109767
0.0020787
0.0069111
0.000763862
0.00549287
0.0028495
0.000418128
0.00131998
0.00140891
0.00465626
0.000611204
0.00299073
0.00340536
5.34687e-05
0.00475529
0.00252085
0.00206834
0.00192867
0.000158346
0.00461405
0.00514528
0.00242694
0.0048752
0.00370254
0.000466583
0.00227832
0.00126699
0.0039359
0.00302453
0.000760801
0.00491953
0.000262852
0.0013548
0.00164631
0.00450925
0.0023523
0.00643352
0.0100461
0.000120303
0.00146116
0.00153937
0.00128684
0.000170217
0.00374407
0.0339766
0.00738179
0.000146233
0.00845907
0.00168253
0.000855037
0.00129873
0.00774118
0.00103745
0.000421776
0.00299055
7.82006e-05
0.0052422
0.00584953
0.000699846
0.000465031
0.00620848
9.87675e-05
0.00285093
0.00277009
0.00449232
0.00425473
0.00201778
0.00142365
0.00573177
0.00447019
0.00926542
0.00190383
0.0100676
0.00106516
0.00318212
0.00139561
0.0062069
0.0026262
0.0102889
0.0059294
0.00227684
0.00416972
0.0271361
0.00435073
0.0038189
0.000646659
0.00614606
0.00324037
0.002786
0.00629522
0.00497422
0.00798394
0.000782694
1.06724e-05
0.00388174
0.000735229
0.000401822
0.00278072
0.00448218
0.00442293
0.00187017
0.000377602
0.00276188
0.00914014
0.00468127
0.0311376
0.00408701
0.000633426
0.00353368
0.00292587
0.0242475
0.00319523
0.00646296
0.000897368
0.00118189
0.00485654
0.00114326
0.000502484
0.00107737
0.00568152
0.000144743
0.000348389
0.000897332
0.00605441
0.00131161
0.00391984
0.00302149
0.00148332
0.00218217
0.0048514
0.00318398
0.00222951
0.00379208
0.00381826
0.00922391
0.000114165
0.00147688
0.00800341
0.00242883
0.000138679
0.000562112
0.00162536
0.0053744
0.0025254
0.0048226
0.00343485
0.00106269
0.00312831
5.42441e-05
0.00137818
0.000458955
0.0100885
0.00413506
0.0100138
0.00179043
0.00853426
0.00115806
0.000251193
0.00344728
0.00593197
0.00130053
0.000737574
0.00898825
0.0038069
0.00188228
0.00345251
0.00573199
0.00348844
0.000649436
0.00229472
0.000372333
0.0106474
0.0016275
0.00179912
0.00161556
0.00122883
0.000806962
0.00437518
0.00412518
0.00249922
0.0042754
0.00450858
0.0111387
0.00100793
0.0020645
0.00152083
0.000672381
0.00220339
0.00215079
0.00121776
0.000545722
0.00383762
0.00178644
0.0019936
0.000444796
0.000524629
0.00180928
0.00250703
0.00201855
0.00647301
0.00425746
0.00174996
0.00127289
0.000862503
0.00335382
0.00164907
0.00264533
0.00510042
